   9.2279128e-01   2.3517700e+00   6.1703958e+00   9.0555043e+01
   4.2093580e+00   1.9375793e+01   8.3331215e+00   6.8081727e+01
   1.8893544e+01   3.5215379e+01   1.0804317e+01   3.5086760e+01
   1.2673948e+01   1.6405021e+01   1.9929601e+01   5.0991431e+01
   2.8454615e+00   4.6529320e+00   1.8584303e+01   7.3917304e+01
   1.0024269e+00   3.7537706e+00   6.4083010e+00   8.8835501e+01
   1.4310424e+01   1.8152703e+01   1.8736924e+01   4.8799949e+01
   2.2704555e+00   3.3396356e+00   2.0845409e+01   7.3544500e+01
   6.7652797e-01   1.6379057e+00   9.7732789e+00   8.7912287e+01
   2.5991964e-01   3.5187238e-01   3.0045956e+00   9.6383612e+01
   3.6325288e+00   1.6497895e+01   8.8969308e+00   7.0972646e+01
   7.4657682e+00   1.0548029e+01   2.0033837e+01   6.1952366e+01
   5.6388565e-01   1.5624427e+00   5.5513856e+00   9.2322286e+01
   2.6502254e+00   1.0909447e+01   7.7045835e+00   7.8735744e+01
   1.1098539e+01   2.5506212e+01   1.3473015e+01   4.9922234e+01
   1.2519066e+01   1.9399181e+01   1.8662430e+01   4.9419323e+01
   3.6417489e+00   2.5380215e+00   2.2998513e+01   7.0821716e+01
   1.4292552e+00   2.1037716e+00   5.6909532e+00   9.0776020e+01
   9.7054478e+00   1.4736712e+01   2.1122276e+01   5.4435564e+01
   1.7182749e+00   3.0066855e+00   1.5899464e+01   7.9375575e+01
   6.3498775e-01   1.1322613e+00   8.0461941e+00   9.0186557e+01
   8.2320562e-01   1.1569191e+00   5.7997643e+00   9.2220111e+01
   2.2451498e+00   1.0231823e+01   8.1270098e+00   7.9396017e+01
   1.0833045e+01   1.7230410e+01   1.9714205e+01   5.2222339e+01
   1.7190606e-02   4.2629701e-01   4.1165351e+00   9.5439977e+01
   1.3334019e+00   6.5045741e+00   7.5772935e+00   8.4584731e+01
   6.5401005e+00   2.1487772e+01   1.3541472e+01   5.8430655e+01
   9.1576630e+00   1.8479872e+01   1.7276908e+01   5.5085558e+01
   2.5929987e+00   5.2226929e+00   1.7454442e+01   7.4729866e+01
   5.9685992e-01   1.4637699e+00   5.7848160e+00   9.2154554e+01
   6.8301725e+00   1.3046859e+01   1.9053267e+01   6.1069701e+01
   1.5797949e+00   3.0287128e+00   1.6446913e+01   7.8944579e+01
   9.2644878e-01   1.2310529e+00   8.9494215e+00   8.8893077e+01
   2.4190723e-01   8.4595303e-01   5.0426144e+00   9.3869525e+01
   1.1414529e+00   5.5264573e+00   6.6786955e+00   8.6653394e+01
   7.9946384e+00   1.7050133e+01   1.7732490e+01   5.7222739e+01
